672 336
3 6
3 3 3 3 3 3 3 3 3 3 3 3 3 3 3 3 3 3 3 3 3 3 3 3 3 3 3 3 3 3 3 3 3 3 3 3 3 3 3 3 3 3 3 3 3 3 3 3 3 3 3 3 3 3 3 3 3 3 3 3 3 3 3 3 3 3 3 3 3 3 3 3 3 3 3 3 3 3 3 3 3 3 3 3 3 3 3 3 3 3 3 3 3 3 3 3 3 3 3 3 3 3 3 3 3 3 3 3 3 3 3 3 3 3 3 3 3 3 3 3 3 3 3 3 3 3 3 3 3 3 3 3 3 3 3 3 3 3 3 3 3 3 3 3 3 3 3 3 3 3 3 3 3 3 3 3 3 3 3 3 3 3 3 3 3 3 3 3 3 3 3 3 3 3 3 3 3 3 3 3 3 3 3 3 3 3 3 3 3 3 3 3 3 3 3 3 3 3 3 3 3 3 3 3 3 3 3 3 3 3 3 3 3 3 3 3 3 3 3 3 3 3 3 3 3 3 3 3 3 3 3 3 3 3 3 3 3 3 3 3 3 3 3 3 3 3 3 3 3 3 3 3 3 3 3 3 3 3 3 3 3 3 3 3 3 3 3 3 3 3 3 3 3 3 3 3 3 3 3 3 3 3 3 3 3 3 3 3 3 3 3 3 3 3 3 3 3 3 3 3 3 3 3 3 3 3 3 3 3 3 3 3 3 3 3 3 3 3 3 3 3 3 3 3 3 3 3 3 3 3 3 3 3 3 3 3 3 3 3 3 3 3 3 3 3 3 3 3 3 3 3 3 3 3 3 3 3 3 3 3 3 3 3 3 3 3 3 3 3 3 3 3 3 3 3 3 3 3 3 3 3 3 3 3 3 3 3 3 3 3 3 3 3 3 3 3 3 3 3 3 3 3 3 3 3 3 3 3 3 3 3 3 3 3 3 3 3 3 3 3 3 3 3 3 3 3 3 3 3 3 3 3 3 3 3 3 3 3 3 3 3 3 3 3 3 3 3 3 3 3 3 3 3 3 3 3 3 3 3 3 3 3 3 3 3 3 3 3 3 3 3 3 3 3 3 3 3 3 3 3 3 3 3 3 3 3 3 3 3 3 3 3 3 3 3 3 3 3 3 3 3 3 3 3 3 3 3 3 3 3 3 3 3 3 3 3 3 3 3 3 3 3 3 3 3 3 3 3 3 3 3 3 3 3 3 3 3 3 3 3 3 3 3 3 3 3 3 3 3 3 3 3 3 3 3 3 3 3 3 3 3 3 3 3 3 3 3 3 3 3 3 3 3 3 3 3 3 3 3 3 3 3 3 3 3 3 3 3 3 3 3 3 3 3 3 3 3 3 3 3 3 3 3 3 3 3 3 3 3 3 3 3 3 3 3 3 3 3 3 3 3 3 3 3 3 3 3 3 3 3 3 3 3 3 3 3 3 3 3 3 3 3 3 3 3 3 3 3 3 3 3 3 3 3 3 3 3 3 3 3 3 3 3 3 3 3 3 3 3 3 3 3
6 6 6 6 6 6 6 6 6 6 6 6 6 6 6 6 6 6 6 6 6 6 6 6 6 6 6 6 6 6 6 6 6 6 6 6 6 6 6 6 6 6 6 6 6 6 6 6 6 6 6 6 6 6 6 6 6 6 6 6 6 6 6 6 6 6 6 6 6 6 6 6 6 6 6 6 6 6 6 6 6 6 6 6 6 6 6 6 6 6 6 6 6 6 6 6 6 6 6 6 6 6 6 6 6 6 6 6 6 6 6 6 6 6 6 6 6 6 6 6 6 6 6 6 6 6 6 6 6 6 6 6 6 6 6 6 6 6 6 6 6 6 6 6 6 6 6 6 6 6 6 6 6 6 6 6 6 6 6 6 6 6 6 6 6 6 6 6 6 6 6 6 6 6 6 6 6 6 6 6 6 6 6 6 6 6 6 6 6 6 6 6 6 6 6 6 6 6 6 6 6 6 6 6 6 6 6 6 6 6 6 6 6 6 6 6 6 6 6 6 6 6 6 6 6 6 6 6 6 6 6 6 6 6 6 6 6 6 6 6 6 6 6 6 6 6 6 6 6 6 6 6 6 6 6 6 6 6 6 6 6 6 6 6 6 6 6 6 6 6 6 6 6 6 6 6 6 6 6 6 6 6 6 6 6 6 6 6 6 6 6 6 6 6 6 6 6 6 6 6 6 6 6 6 6 6 6 6 6 6 6 6 6 6 6 6 6 6 6 6 6 6 6 6 6 6 6 6 6 6 6 6 6 6 6 6
3 4 227 
5 6 8 
7 12 327 
9 10 14 
11 18 90 
13 15 204 
1 20 100 
15 16 213 
17 25 239 
22 114 247 
2 56 253 
19 23 207 
2 21 24 
1 22 23 
24 27 30 
73 220 299 
4 199 206 
26 29 118 
33 92 150 
110 145 161 
28 146 173 
32 36 260 
3 161 222 
8 107 309 
31 227 268 
38 144 250 
34 37 156 
13 43 82 
5 132 264 
6 37 195 
115 281 304 
39 44 258 
40 41 327 
42 48 73 
20 91 153 
10 44 101 
74 167 334 
45 46 90 
47 67 222 
80 129 185 
225 280 335 
27 228 314 
96 160 201 
223 269 328 
86 130 286 
75 134 333 
32 175 331 
229 275 285 
51 52 275 
53 54 56 
39 55 60 
57 58 62 
59 66 138 
61 63 252 
49 68 148 
63 64 261 
65 73 287 
70 162 295 
50 104 301 
67 71 255 
50 69 72 
49 70 71 
72 75 78 
11 121 268 
52 247 254 
74 77 166 
81 140 198 
158 193 209 
76 194 221 
80 84 308 
51 209 270 
21 56 155 
79 275 316 
86 192 298 
82 85 204 
61 91 130 
53 180 312 
54 85 243 
16 163 329 
87 92 306 
39 88 89 
90 96 121 
68 139 201 
58 92 149 
46 122 215 
93 94 138 
95 115 270 
128 177 233 
47 273 328 
26 75 276 
144 208 249 
40 271 317 
134 178 334 
45 123 182 
43 80 223 
277 323 333 
99 100 323 
101 102 104 
87 103 108 
105 106 110 
107 114 186 
109 111 300 
97 116 196 
111 112 309 
113 121 335 
7 118 210 
13 98 152 
115 119 303 
98 117 120 
97 118 119 
120 123 126 
59 169 316 
100 295 302 
122 125 214 
129 188 246 
206 241 257 
124 242 269 
20 128 132 
99 257 318 
69 104 203 
28 127 323 
10 134 240 
130 133 252 
109 139 178 
24 101 228 
102 133 291 
41 64 211 
18 135 140 
87 136 137 
138 144 169 
116 187 249 
106 140 197 
94 170 263 
141 142 186 
143 163 318 
176 225 281 
40 95 321 
74 123 324 
192 256 297 
29 88 319 
46 182 226 
93 171 230 
91 128 271 
35 45 325 
35 147 148 
149 150 152 
135 151 156 
153 154 158 
155 162 234 
12 157 159 
145 164 244 
21 159 160 
47 161 169 
55 166 258 
61 146 200 
15 163 167 
146 165 168 
145 166 167 
168 171 174 
28 107 217 
7 14 148 
170 173 262 
177 236 294 
254 289 305 
172 290 317 
68 176 180 
30 147 305 
117 152 251 
35 76 175 
58 182 288 
178 181 300 
157 187 226 
72 149 276 
3 150 181 
89 112 259 
66 183 188 
135 184 185 
186 192 217 
164 235 297 
154 188 245 
142 218 311 
189 190 234 
30 191 211 
224 273 329 
33 88 143 
36 122 171 
9 240 304 
31 77 136 
94 230 274 
141 219 278 
139 176 319 
37 83 93 
83 195 196 
197 198 200 
183 199 204 
201 202 206 
203 210 282 
60 205 207 
193 212 292 
69 207 208 
95 209 217 
103 214 306 
109 194 248 
63 211 215 
194 213 216 
193 214 215 
216 219 222 
76 155 265 
55 62 196 
218 221 310 
6 225 284 
1 17 302 
2 29 220 
116 224 228 
17 78 195 
165 200 299 
83 124 223 
106 230 336 
12 226 229 
205 235 274 
120 197 324 
51 198 229 
137 160 307 
114 231 236 
183 232 233 
234 240 265 
9 212 283 
202 236 293 
23 190 266 
237 238 282 
78 239 259 
41 272 321 
81 136 191 
84 170 219 
16 57 288 
79 125 184 
142 278 322 
189 267 326 
31 187 224 
85 131 141 
131 243 244 
245 246 248 
231 247 252 
249 250 254 
251 258 330 
108 253 255 
4 241 260 
117 255 256 
143 257 265 
18 151 262 
157 242 296 
111 259 263 
242 261 264 
241 262 263 
264 267 270 
124 203 313 
103 110 244 
22 266 269 
54 273 332 
14 49 65 
50 77 268 
164 272 276 
65 126 243 
11 213 248 
131 172 271 
48 154 278 
60 274 277 
253 283 322 
36 168 245 
99 246 277 
19 185 208 
162 279 284 
231 280 281 
282 288 313 
57 260 331 
5 250 284 
71 238 314 
285 286 330 
126 287 307 
33 89 320 
129 184 239 
132 218 267 
64 105 336 
127 173 232 
34 190 326 
38 237 315 
79 235 272 
133 179 189 
179 291 292 
293 294 296 
279 295 300 
297 298 302 
42 299 306 
156 301 303 
52 289 308 
165 303 304 
191 305 313 
66 199 310 
8 205 290 
159 307 311 
290 309 312 
289 310 311 
312 315 318 
25 172 251 
151 158 292 
70 314 317 
44 102 321 
62 97 113 
98 125 316 
212 320 324 
113 174 291 
59 261 296 
179 220 319 
96 202 326 
108 322 325 
34 301 331 
84 216 293 
147 294 325 
67 233 256 
210 327 332 
279 328 329 
25 330 336 
43 105 308 
53 298 332 
26 119 286 
42 333 334 
19 174 335 
32 81 137 
177 232 287 
180 266 315 
48 112 153 
175 221 280 
38 82 238 
27 86 285 
127 283 320 
181 227 237 
7 14 212 
11 13 213 
1 23 174 
1 17 247 
2 29 276 
2 30 211 
3 106 161 
2 24 299 
4 187 227 
4 36 122 
5 64 264 
3 150 219 
6 28 107 
4 161 260 
6 8 156 
8 79 235 
9 212 215 
5 128 250 
12 271 327 
7 35 118 
13 72 152 
10 14 258 
12 14 229 
13 15 125 
9 304 322 
18 90 325 
15 42 334 
21 121 160 
18 140 213 
15 167 183 
25 188 239 
22 47 328 
19 185 280 
27 285 316 
144 145 169 
22 186 269 
27 30 192 
26 286 333 
32 51 81 
33 92 137 
33 127 232 
34 293 326 
28 95 323 
32 36 307 
38 94 144 
38 85 141 
39 89 153 
34 266 331 
55 62 260 
59 61 261 
49 71 222 
49 65 295 
50 77 324 
50 78 259 
51 154 209 
11 50 72 
52 235 275 
52 84 170 
53 112 312 
51 198 267 
54 76 155 
52 209 308 
54 56 204 
56 127 283 
57 260 263 
53 176 298 
39 60 319 
55 83 166 
61 120 200 
58 62 306 
60 62 277 
61 63 173 
16 34 57 
37 66 138 
46 63 90 
69 169 208 
66 188 261 
63 215 231 
73 236 287 
40 70 95 
67 233 328 
28 75 333 
192 193 217 
70 234 317 
75 78 240 
45 74 334 
80 99 129 
81 140 185 
81 175 280 
5 38 82 
35 76 143 
19 80 84 
86 142 192 
86 133 189 
87 137 201 
43 82 314 
103 110 308 
107 109 309 
97 119 270 
7 97 113 
36 98 125 
98 126 307 
99 202 257 
59 98 120 
100 283 323 
100 132 218 
24 101 160 
99 246 315 
102 124 203 
20 100 257 
102 104 252 
104 175 331 
105 308 311 
10 101 224 
31 87 108 
103 131 214 
109 168 248 
18 106 110 
108 110 325 
109 111 221 
64 82 105 
85 114 186 
94 111 138 
117 217 256 
114 236 309 
111 263 279 
121 284 335 
88 118 143 
40 115 281 
45 76 123 
240 241 265 
29 118 282 
123 126 288 
46 93 122 
128 147 177 
129 188 233 
129 223 328 
53 86 130 
83 124 191 
67 128 132 
134 190 240 
134 181 237 
135 185 249 
26 91 130 
20 151 158 
21 155 157 
145 167 318 
55 145 161 
84 146 173 
19 146 174 
147 250 305 
107 146 168 
35 148 331 
148 180 266 
72 149 208 
27 147 294 
150 172 251 
68 148 305 
150 152 300 
43 152 223 
20 23 153 
58 149 272 
79 135 156 
151 179 262 
157 216 296 
66 154 158 
37 156 158 
157 159 269 
112 130 153 
133 162 234 
142 159 186 
165 265 304 
21 162 284 
159 311 327 
47 169 332 
136 166 191 
88 163 329 
93 124 171 
288 289 313 
77 166 330 
171 174 336 
94 141 170 
176 195 225 
177 236 281 
40 177 271 
101 134 178 
131 172 239 
115 176 180 
182 238 288 
182 229 285 
183 233 297 
74 139 178 
68 199 206 
69 203 205 
30 193 215 
103 193 209 
132 194 221 
67 194 222 
17 195 298 
155 194 216 
43 83 196 
196 228 314 
120 197 256 
6 75 195 
198 220 299 
17 116 196 
12 198 200 
91 200 271 
68 71 201 
106 197 320 
127 183 204 
199 227 310 
8 205 264 
114 202 206 
85 204 206 
205 207 317 
160 178 201 
181 210 282 
190 207 234 
16 213 313 
69 210 332 
23 39 207 
44 95 217 
184 214 239 
41 136 211 
141 172 219 
1 25 336 
42 125 214 
48 219 222 
142 189 218 
224 243 273 
225 284 329 
88 225 319 
149 182 226 
179 220 287 
163 224 228 
230 286 336 
230 277 333 
9 231 281 
122 187 226 
116 247 254 
117 251 253 
78 241 263 
151 241 257 
180 242 269 
115 242 270 
10 65 243 
203 242 264 
91 131 244 
26 244 276 
168 245 304 
54 123 243 
11 246 268 
65 164 244 
60 246 248 
139 248 319 
116 119 249 
32 154 245 
175 231 252 
22 247 275 
56 253 312 
162 250 254 
133 252 254 
29 253 255 
208 226 249 
229 258 330 
238 255 282 
25 64 261 
44 117 258 
71 87 255 
92 143 265 
232 262 287 
89 184 259 
189 220 267 
48 49 73 
90 173 262 
96 267 270 
190 237 266 
272 291 321 
41 273 332 
31 136 273 
197 230 274 
227 268 335 
211 272 276 
48 278 334 
45 278 325 
57 279 329 
170 235 274 
164 295 302 
165 299 301 
126 289 311 
199 289 305 
228 290 317 
163 290 318 
58 113 291 
251 290 312 
139 179 292 
74 292 324 
16 216 293 
102 171 291 
59 294 316 
113 212 292 
108 294 296 
31 187 296 
164 167 297 
80 202 293 
223 279 300 
70 295 323 
24 104 301 
210 298 302 
181 300 302 
77 301 303 
256 274 297 
42 277 306 
286 303 330 
73 112 309 
92 165 306 
119 135 303 
140 191 313 
280 310 335 
137 232 307 
237 268 315 
96 97 121 
138 221 310 
144 315 318 
238 285 314 
3 33 320 
44 89 321 
79 184 321 
245 278 322 
47 275 316 
259 320 324 
46 96 326 
37 93 326 
41 105 327 
218 283 322 
7 14 212 339 340 563 
11 13 213 341 342 344 
1 23 174 343 348 663 
1 17 247 345 346 350 
2 29 276 347 354 426 
2 30 211 349 351 540 
3 106 161 337 356 436 
2 24 299 351 352 549 
4 187 227 353 361 575 
4 36 122 358 450 583 
5 64 264 338 392 589 
3 150 219 355 359 543 
6 28 107 338 357 360 
4 161 260 337 358 359 
6 8 156 360 363 366 
8 79 235 409 556 635 
9 212 215 340 535 542 
5 128 250 362 365 454 
12 271 327 369 428 486 
7 35 118 446 481 497 
13 72 152 364 482 509 
10 14 258 368 372 596 
12 14 229 339 497 558 
13 15 125 344 443 645 
9 304 322 367 563 604 
18 90 325 374 480 586 
15 42 334 370 373 492 
21 121 160 349 379 418 
18 140 213 341 468 600 
15 167 183 342 373 531 
25 188 239 451 617 640 
22 47 328 375 380 594 
19 185 280 376 377 663 
27 285 316 378 384 409 
144 145 169 356 427 489 
22 186 269 346 380 437 
27 30 192 410 503 670 
26 286 333 381 382 426 
32 51 81 383 403 558 
33 92 137 416 465 521 
33 127 232 561 616 671 
34 293 326 363 564 650 
28 95 323 432 496 537 
32 36 307 559 605 664 
38 94 144 422 466 622 
38 85 141 411 470 669 
39 89 153 368 511 667 
34 266 331 565 611 621 
55 62 260 387 388 611 
59 61 261 389 390 392 
49 71 222 375 391 396 
49 65 295 393 394 398 
50 77 324 395 402 474 
50 78 259 397 399 588 
51 154 209 385 404 484 
11 50 72 399 400 597 
52 235 275 401 409 623 
52 84 170 406 498 631 
53 112 312 386 440 637 
51 198 267 403 407 591 
54 76 155 386 405 408 
52 209 308 385 406 407 
54 56 204 408 411 414 
56 127 283 347 457 604 
57 260 263 388 583 590 
53 176 298 410 413 502 
39 60 319 417 476 534 
55 83 166 494 529 545 
61 120 200 412 530 557 
58 62 306 416 420 644 
60 62 277 387 545 606 
61 63 173 357 392 491 
16 34 57 415 611 652 
37 66 138 422 528 634 
46 63 90 418 421 540 
69 169 208 397 427 466 
66 188 261 389 516 648 
63 215 231 390 421 579 
73 236 287 352 499 665 
40 70 95 423 428 642 
67 233 328 375 424 425 
28 75 333 426 432 457 
192 193 217 404 475 537 
70 234 317 394 428 485 
75 78 240 382 458 551 
45 74 334 429 430 474 
80 99 129 431 451 606 
81 140 185 464 513 569 
81 175 280 383 609 664 
5 38 82 362 411 612 
35 76 143 480 544 585 
19 80 84 376 607 653 
86 142 192 470 514 670 
86 133 189 381 459 518 
87 137 201 379 416 559 
43 82 314 613 659 669 
103 110 308 435 436 659 
107 109 309 437 438 440 
97 119 270 423 439 444 
7 97 113 441 442 446 
36 98 125 443 450 522 
98 126 307 445 447 636 
99 202 257 433 452 532 
59 98 120 447 448 645 
100 283 323 449 457 671 
100 132 218 343 454 546 
24 101 160 349 434 488 
99 246 315 451 455 639 
102 124 203 434 453 456 
20 100 257 433 454 455 
102 104 252 456 459 462 
104 175 331 395 505 652 
105 308 311 436 631 638 
10 101 224 458 461 550 
31 87 108 465 524 582 
103 131 214 542 577 593 
109 168 248 460 578 605 
18 106 110 356 464 468 
108 110 325 435 593 654 
109 111 221 405 440 539 
64 82 105 364 463 659 
85 114 186 346 470 576 
94 111 138 466 469 588 
117 217 256 445 475 514 
114 236 309 360 437 564 
111 263 279 438 469 627 
121 284 335 377 400 547 
88 118 143 354 471 476 
40 115 281 423 472 473 
45 76 123 474 480 505 
240 241 265 452 523 585 
29 118 282 442 476 533 
123 126 288 430 506 599 
46 93 122 477 478 522 
128 147 177 479 499 654 
129 188 233 512 561 617 
129 223 328 376 431 657 
53 86 130 410 459 660 
83 124 191 528 592 633 
67 128 132 365 424 655 
134 190 240 382 518 562 
134 181 237 429 507 566 
135 185 249 427 464 607 
26 91 130 371 381 661 
20 151 158 371 483 484 
21 155 157 485 486 488 
145 167 318 471 487 492 
55 145 161 489 490 494 
84 146 173 491 498 570 
19 146 174 348 493 495 
147 250 305 481 500 580 
107 146 168 357 495 496 
35 148 331 383 497 505 
148 180 266 391 502 594 
72 149 208 397 482 536 
27 147 294 351 499 503 
150 172 251 482 501 504 
68 148 305 481 502 503 
150 152 300 504 507 510 
43 152 223 364 443 553 
20 23 153 343 350 484 
58 149 272 506 509 598 
79 135 156 513 572 630 
151 179 262 590 625 641 
157 216 296 508 626 653 
66 154 158 404 512 516 
37 156 158 366 483 641 
157 159 269 453 488 587 
112 130 153 371 412 511 
133 162 234 394 518 624 
142 159 186 514 517 636 
165 265 304 493 523 562 
21 162 284 408 485 612 
159 311 327 339 486 517 
47 169 332 425 448 595 
136 166 191 402 519 524 
88 163 329 471 520 521 
93 124 171 522 528 553 
288 289 313 500 571 633 
77 166 330 490 524 581 
171 174 336 478 554 647 
94 141 170 525 526 570 
176 195 225 366 527 547 
177 236 281 560 609 665 
40 177 271 369 424 479 
101 134 178 372 458 507 
131 172 239 345 576 640 
115 176 180 367 413 472 
182 238 288 430 566 610 
182 229 285 477 555 614 
183 233 297 475 512 655 
74 139 178 373 419 429 
68 199 206 419 531 532 
69 203 205 533 534 536 
30 193 215 519 535 540 
103 193 209 537 538 542 
132 194 221 539 546 618 
67 194 222 396 541 543 
17 195 298 529 548 628 
155 194 216 405 543 544 
43 83 196 431 545 553 
196 228 314 439 550 642 
120 197 256 445 530 584 
6 75 195 399 547 551 
198 220 299 530 549 552 
17 116 196 529 550 551 
12 198 200 552 555 558 
91 200 271 412 491 601 
68 71 201 391 398 532 
106 197 320 554 557 646 
127 183 204 342 561 620 
199 227 310 337 353 638 
8 205 264 338 365 556 
114 202 206 452 560 564 
85 204 206 353 414 531 
205 207 317 501 536 635 
160 178 201 419 460 559 
181 210 282 442 566 672 
190 207 234 348 562 565 
16 213 313 541 571 610 
69 210 332 456 533 660 
23 39 207 387 534 565 
44 95 217 473 496 643 
184 214 239 450 567 572 
41 136 211 519 568 569 
141 172 219 570 576 601 
1 25 336 345 548 619 
42 125 214 538 572 629 
48 219 222 359 526 602 
142 189 218 573 574 618 
224 243 273 414 575 595 
225 284 329 377 608 657 
88 225 319 417 472 527 
149 182 226 420 506 555 
179 220 287 352 393 624 
163 224 228 415 461 520 
230 286 336 478 614 658 
230 277 333 525 603 662 
9 231 281 367 523 560 
122 187 226 421 467 477 
116 247 254 467 579 580 
117 251 253 581 582 584 
78 241 263 567 583 588 
151 241 257 585 586 590 
180 242 269 587 594 666 
115 242 270 444 589 591 
10 65 243 340 577 596 
203 242 264 453 591 592 
91 131 244 479 593 601 
26 244 276 354 487 598 
168 245 304 493 578 632 
54 123 243 447 595 599 
11 246 268 578 597 600 
65 164 244 577 598 599 
60 246 248 600 603 606 
139 248 319 460 539 649 
116 119 249 439 446 580 
32 154 245 358 602 605 
175 231 252 390 609 668 
22 247 275 350 385 401 
56 253 312 386 413 604 
162 250 254 500 608 612 
133 252 254 401 462 579 
29 253 255 347 549 584 
208 226 249 467 508 607 
229 258 330 384 490 614 
238 255 282 396 610 613 
25 64 261 589 619 658 
44 117 258 372 504 581 
71 87 255 435 582 613 
92 143 265 355 521 544 
232 262 287 498 615 620 
89 184 259 567 616 617 
189 220 267 618 624 649 
48 49 73 393 596 667 
90 173 262 341 586 620 
96 267 270 407 574 650 
190 237 266 621 622 666 
272 291 321 462 623 643 
41 273 332 369 425 656 
31 136 273 465 520 575 
197 230 274 468 554 603 
227 268 335 400 441 672 
211 272 276 463 509 568 
48 278 334 370 526 662 
45 278 325 374 573 651 
57 279 329 415 571 608 
170 235 274 469 515 525 
164 295 302 515 627 628 
165 299 301 629 630 632 
126 289 311 615 631 636 
199 289 305 633 634 638 
228 290 317 378 635 642 
163 290 318 492 637 639 
58 113 291 388 625 644 
251 290 312 501 639 640 
139 179 292 527 641 649 
74 292 324 402 535 646 
16 216 293 344 541 626 
102 171 291 495 643 647 
59 294 316 626 645 648 
113 212 292 625 646 647 
108 294 296 648 651 654 
31 187 296 361 508 587 
164 167 297 487 494 628 
80 202 293 406 650 653 
223 279 300 380 438 657 
70 295 323 398 433 449 
24 104 301 434 461 652 
210 298 302 548 656 660 
181 300 302 449 510 627 
77 301 303 395 597 632 
256 274 297 515 556 655 
42 277 306 432 538 662 
286 303 330 444 658 661 
73 112 309 370 637 667 
92 165 306 420 552 629 
119 135 303 483 630 661 
140 191 313 403 569 592 
280 310 335 546 663 668 
137 232 307 615 664 665 
237 268 315 361 666 672 
96 97 121 379 441 644 
138 221 310 389 634 668 
144 315 318 362 455 622 
238 285 314 378 669 670 
3 33 320 355 510 671 
44 89 321 368 417 473 
79 184 321 513 568 623 
245 278 322 516 602 651 
47 275 316 384 448 489 
259 320 324 511 557 616 
46 96 326 374 418 574 
37 93 326 363 422 621 
41 105 327 463 619 656 
218 283 322 517 563 573 
