240 120
3 6
3 3 3 3 3 3 3 3 3 3 3 3 3 3 3 3 3 3 3 3 3 3 3 3 3 3 3 3 3 3 3 3 3 3 3 3 3 3 3 3 3 3 3 3 3 3 3 3 3 3 3 3 3 3 3 3 3 3 3 3 3 3 3 3 3 3 3 3 3 3 3 3 3 3 3 3 3 3 3 3 3 3 3 3 3 3 3 3 3 3 3 3 3 3 3 3 3 3 3 3 3 3 3 3 3 3 3 3 3 3 3 3 3 3 3 3 3 3 3 3 3 3 3 3 3 3 3 3 3 3 3 3 3 3 3 3 3 3 3 3 3 3 3 3 3 3 3 3 3 3 3 3 3 3 3 3 3 3 3 3 3 3 3 3 3 3 3 3 3 3 3 3 3 3 3 3 3 3 3 3 3 3 3 3 3 3 3 3 3 3 3 3 3 3 3 3 3 3 3 3 3 3 3 3 3 3 3 3 3 3 3 3 3 3 3 3 3 3 3 3 3 3 3 3 3 3 3 3 3 3 3 3 3 3 3 3 3 3 3 3
6 6 6 6 6 6 6 6 6 6 6 6 6 6 6 6 6 6 6 6 6 6 6 6 6 6 6 6 6 6 6 6 6 6 6 6 6 6 6 6 6 6 6 6 6 6 6 6 6 6 6 6 6 6 6 6 6 6 6 6 6 6 6 6 6 6 6 6 6 6 6 6 6 6 6 6 6 6 6 6 6 6 6 6 6 6 6 6 6 6 6 6 6 6 6 6 6 6 6 6 6 6 6 6 6 6 6 6 6 6 6 6 6 6 6 6 6 6 6 6
5 74 80 
1 72 78 
2 75 76 
3 73 79 
4 71 77 
8 25 33 
9 23 31 
10 21 34 
6 24 32 
7 22 35 
14 97 114 
15 100 112 
11 98 115 
12 96 113 
13 99 111 
17 48 67 
18 46 70 
19 49 68 
20 47 66 
16 50 69 
24 26 64 
25 27 61 
21 28 63 
22 29 65 
23 30 62 
11 31 104 
14 32 103 
12 33 102 
15 34 101 
13 35 105 
36 59 89 
37 56 87 
38 58 90 
39 60 88 
40 57 86 
12 39 41 
15 40 42 
13 36 43 
11 37 44 
14 38 45 
21 94 114 
22 92 113 
23 95 112 
24 93 111 
25 91 115 
50 56 105 
46 57 102 
47 58 104 
48 59 101 
49 60 103 
4 55 61 
2 51 62 
5 52 63 
3 53 64 
1 54 65 
1 66 85 
4 67 84 
2 68 83 
5 69 82 
3 70 81 
40 46 80 
38 47 79 
36 48 78 
39 49 77 
37 50 76 
30 51 120 
28 52 117 
26 53 119 
29 54 116 
27 55 118 
42 72 86 
44 73 87 
41 74 88 
43 75 89 
45 71 90 
27 91 117 
29 92 120 
26 93 118 
28 94 116 
30 95 119 
67 71 107 
66 72 110 
70 73 108 
69 74 106 
68 75 109 
16 62 76 
19 61 77 
17 65 78 
20 64 79 
18 63 80 
18 81 92 
16 82 93 
19 83 94 
17 84 95 
20 85 91 
83 98 116 
85 99 117 
82 100 118 
84 96 119 
81 97 120 
33 53 96 
32 51 97 
31 54 98 
35 52 99 
34 55 100 
10 101 108 
8 102 109 
6 103 110 
9 104 106 
7 105 107 
58 88 106 
56 90 107 
59 87 108 
57 89 109 
60 86 110 
6 43 111 
9 42 112 
7 41 113 
10 45 114 
8 44 115 
2 55 56 
3 52 58 
4 54 60 
5 51 57 
1 53 59 
9 108 116 
10 110 118 
6 107 120 
7 109 117 
8 106 119 
13 26 39 
14 28 36 
15 30 38 
11 27 40 
12 29 37 
20 86 92 
16 88 94 
17 90 91 
18 87 93 
19 89 95 
8 23 41 
10 24 42 
7 25 43 
9 21 44 
6 22 45 
21 68 78 
22 70 76 
23 67 79 
24 69 77 
25 66 80 
7 26 103 
9 27 102 
6 28 101 
8 29 105 
10 30 104 
31 38 63 
32 39 65 
33 40 62 
34 36 64 
35 37 61 
36 73 118 
37 71 117 
38 74 116 
39 72 120 
40 75 119 
17 47 61 
19 48 62 
16 49 63 
18 50 64 
20 46 65 
52 66 102 
53 67 104 
54 68 101 
55 69 103 
51 70 105 
32 46 112 
35 47 114 
33 48 111 
31 49 113 
34 50 115 
22 51 87 
25 52 86 
23 53 90 
21 54 89 
24 55 88 
19 56 82 
16 57 81 
18 58 85 
20 59 84 
17 60 83 
5 75 81 
2 71 82 
4 72 83 
1 73 84 
3 74 85 
3 65 86 
5 64 87 
2 63 88 
4 62 89 
1 61 90 
60 91 100 
59 92 98 
58 93 96 
57 94 99 
56 95 97 
35 71 115 
32 72 113 
34 73 111 
31 74 114 
33 75 112 
45 76 95 
42 77 91 
44 78 92 
41 79 93 
43 80 94 
14 99 101 
11 100 102 
13 96 103 
15 97 104 
12 98 105 
29 49 106 
28 47 107 
27 50 108 
26 48 109 
30 46 110 
84 109 111 
81 110 112 
83 106 113 
85 107 114 
82 108 115 
15 44 116 
12 43 117 
14 42 118 
11 41 119 
13 45 120 
69 79 96 
67 76 97 
70 78 98 
68 80 99 
66 77 100 
2 55 56 125 194 200 
3 52 58 121 192 198 
4 54 60 122 195 196 
5 51 57 123 193 199 
1 53 59 124 191 197 
9 108 116 128 145 153 
10 110 118 129 143 151 
6 107 120 130 141 154 
7 109 117 126 144 152 
8 106 119 127 142 155 
13 26 39 134 217 234 
14 28 36 135 220 232 
15 30 38 131 218 235 
11 27 40 132 216 233 
12 29 37 133 219 231 
20 86 92 137 168 187 
16 88 94 138 166 190 
17 90 91 139 169 188 
18 87 93 140 167 186 
19 89 95 136 170 189 
8 23 41 144 146 184 
10 24 42 145 147 181 
7 25 43 141 148 183 
9 21 44 142 149 185 
6 22 45 143 150 182 
21 68 78 131 151 224 
22 70 76 134 152 223 
23 67 79 132 153 222 
24 69 77 135 154 221 
25 66 80 133 155 225 
7 26 103 156 179 209 
9 27 102 157 176 207 
6 28 101 158 178 210 
8 29 105 159 180 208 
10 30 104 160 177 206 
31 38 63 132 159 161 
32 39 65 135 160 162 
33 40 62 133 156 163 
34 36 64 131 157 164 
35 37 61 134 158 165 
36 73 118 141 214 234 
37 71 117 142 212 233 
38 74 116 143 215 232 
39 72 120 144 213 231 
40 75 119 145 211 235 
17 47 61 170 176 225 
19 48 62 166 177 222 
16 49 63 167 178 224 
18 50 64 168 179 221 
20 46 65 169 180 223 
52 66 102 124 175 181 
53 67 104 122 171 182 
54 68 101 125 172 183 
55 69 103 123 173 184 
51 70 105 121 174 185 
32 46 112 121 186 205 
35 47 114 124 187 204 
33 48 111 122 188 203 
31 49 113 125 189 202 
34 50 115 123 190 201 
22 51 87 160 166 200 
25 52 86 158 167 199 
23 53 90 156 168 198 
21 54 89 159 169 197 
24 55 88 157 170 196 
19 56 82 150 171 240 
16 57 81 148 172 237 
18 58 85 146 173 239 
20 59 84 149 174 236 
17 60 83 147 175 238 
5 75 81 162 192 206 
2 71 82 164 193 207 
4 72 83 161 194 208 
1 73 84 163 195 209 
3 74 85 165 191 210 
3 65 86 147 211 237 
5 64 87 149 212 240 
2 63 88 146 213 238 
4 62 89 148 214 236 
1 61 90 150 215 239 
60 91 100 187 191 227 
59 92 98 186 192 230 
58 93 96 190 193 228 
57 94 99 189 194 226 
56 95 97 188 195 229 
35 71 115 136 182 196 
32 72 113 139 181 197 
34 73 111 137 185 198 
31 74 114 140 184 199 
33 75 112 138 183 200 
45 76 95 138 201 212 
42 77 91 136 202 213 
44 78 92 139 203 214 
41 79 93 137 204 215 
43 80 94 140 205 211 
14 99 101 203 218 236 
11 100 102 205 219 237 
13 96 103 202 220 238 
15 97 104 204 216 239 
12 98 105 201 217 240 
29 49 106 153 173 216 
28 47 107 152 171 217 
27 50 108 151 174 218 
26 48 109 155 172 219 
30 46 110 154 175 220 
84 109 111 130 221 228 
81 110 112 128 222 229 
83 106 113 126 223 230 
85 107 114 129 224 226 
82 108 115 127 225 227 
15 44 116 178 208 226 
12 43 117 176 210 227 
14 42 118 179 207 228 
11 41 119 177 209 229 
13 45 120 180 206 230 
69 79 96 126 163 231 
67 76 97 129 162 232 
70 78 98 127 161 233 
68 80 99 130 165 234 
66 77 100 128 164 235 
